image: map10.pgm
resolution: 0.050000
origin: [-184.800000, -178.400000, 0.000000]
negate: 0
occupied_thresh: 0.65
free_thresh: 0.196

