image: map10_v3.pgm
resolution: 0.200000
origin: [-176.800000, -234.400000, 0.000000]
negate: 0
occupied_thresh: 0.65
free_thresh: 0.196

