image: map10_v2.pgm
resolution: 0.050000
origin: [-151.200000, -176.800000, 0.000000]
negate: 0
occupied_thresh: 0.65
free_thresh: 0.196

